10.0729
9.4587
9.4612
9.4573
9.4452
9.4804
9.4674
9.4781
9.4164
9.4003
9.4141
9.4562
9.4044
9.3823
9.4041
9.4164
9.3922
9.3938
9.3949
9.3676
9.4167
9.4224
9.4143
9.4096
9.4151
9.4573
9.4898
9.5106
9.5267
9.5122
9.5215
9.4680
9.4629
9.4948
9.5310
9.4890
9.4607
9.4945
9.4917
9.4684
9.4817
9.4317
9.4379
9.4881
9.5280
9.4785
9.3768
9.4602
9.4709
9.4494
9.4478
9.4405
9.4433
9.4446
9.4464
9.4423
9.4212
9.4377
9.4738
9.4638
9.4587
9.4372
9.4711
9.4575
9.4465
9.4732
9.4571
9.4848
9.4673
9.4766
9.4505
9.4293
9.4638
9.4992
9.4080
9.4601
9.4760
9.4550
9.4690
9.3250
9.4409
9.3867
9.3469
9.4299
9.4675
9.4628
9.4506
9.4656
9.4387
9.4332
9.4305
9.4366
9.4504
9.4386
9.4368
9.4231
9.4215
9.4277
9.4508
9.4405
