17.9249
17.8845
17.8636
17.8455
17.8591
17.8359
17.8127
17.8170
17.8057
17.7995
17.7852
17.7721
17.7768
17.7759
17.7955
17.7786
17.7667
17.7643
17.7616
17.7484
17.7737
17.7626
17.7582
17.7789
17.7601
17.7655
17.7613
17.7667
17.7503
17.7395
17.7467
17.7500
17.7439
17.7592
17.7502
17.7439
17.7425
17.7512
17.7436
17.7337
17.7379
17.7308
17.7557
17.7546
17.7457
17.7303
17.7033
17.7436
17.7549
17.7712
17.7491
17.7382
17.7415
17.7512
17.7468
17.7426
17.7276
17.7258
17.7431
17.7422
17.7185
17.7520
17.7401
17.6969
17.7156
17.7427
17.7335
17.7599
17.7589
17.7485
17.7192
17.7482
17.7322
17.7429
17.7359
17.7359
17.7352
17.7418
17.7440
17.7077
17.6987
17.6678
17.7446
17.7357
17.7027
17.7642
17.7278
17.7295
17.7404
17.7373
17.7259
17.7545
17.7448
17.7560
17.7353
17.7398
17.7142
17.7081
17.7016
17.7141
