17.7234
17.5961
17.5410
17.5311
17.5338
17.5075
17.4729
17.4703
17.4515
17.4513
17.4711
17.4447
17.4316
17.4578
17.4561
17.4470
17.4365
17.4411
17.4453
17.4460
17.4428
17.4411
17.4552
17.4308
17.4302
17.4339
17.4354
17.4602
17.4420
17.4487
17.4442
17.4508
17.4454
17.4429
17.4455
17.4535
17.4595
17.4619
17.4552
17.4446
17.4349
17.4346
17.4368
17.4241
17.4550
17.4553
17.4312
17.4587
17.4504
17.4357
17.4412
17.4348
17.4344
17.4380
17.4340
17.4361
17.4573
17.4551
17.4384
17.4556
17.4309
17.4279
17.4487
17.4479
17.4515
17.4642
17.4406
17.4378
17.4387
17.4310
17.4164
17.4271
17.4371
17.4343
17.4245
17.4313
17.4339
17.4570
17.4494
17.4403
17.4571
17.4503
17.4480
17.4333
17.4385
17.4410
17.4252
17.4422
17.4452
17.4426
17.4258
17.4363
17.4420
17.4394
17.4299
17.4378
17.4218
17.4264
17.4472
17.4418
