17.9631
18.0344
18.1073
18.0669
18.0208
18.0568
17.9620
18.0332
18.0579
18.0348
18.0300
18.0235
17.9822
17.9783
17.9689
17.9144
17.9963
17.9251
17.9375
17.9725
17.9795
17.9444
17.9213
17.9441
18.0090
17.9657
18.0086
18.0067
18.0167
18.0079
17.9865
18.0390
18.0177
17.9830
17.9458
17.9434
17.8825
17.9239
17.9085
17.9290
17.9194
17.9576
17.8783
17.9539
17.9580
18.0111
17.8909
17.9446
17.9689
17.9485
17.9055
17.9009
17.9275
17.9300
17.9279
17.9665
17.8776
17.9382
17.9517
17.9268
17.8940
17.9500
17.9319
17.9633
17.9045
17.9674
17.9377
17.9142
17.8971
17.9489
17.9243
17.9006
17.9544
17.9393
17.9437
17.9784
17.9214
17.9808
17.9422
17.9517
17.9689
17.9602
17.9168
17.9310
17.9478
17.9045
17.8985
17.9254
17.9187
17.8850
17.8946
17.9616
17.9159
17.8845
18.0047
17.9065
17.9820
18.0138
17.9150
17.8904
