17.9452
17.9925
18.1488
18.1068
17.9627
17.9482
17.9581
17.9288
17.9745
17.9818
17.9321
17.9463
17.9300
17.9465
17.9545
17.9413
17.9177
17.9198
17.9420
17.8890
17.9565
17.9654
17.9394
17.8884
17.9550
17.9883
17.9656
17.9605
18.0022
17.9936
17.9807
18.0102
17.9880
17.9197
17.9482
17.9339
17.9280
17.8991
17.9250
17.9013
17.9414
17.9049
17.9478
17.9417
17.9769
17.8684
17.9054
18.0111
17.9726
17.9576
17.9662
17.9910
17.9650
17.9657
17.9774
17.9471
17.9547
17.9152
17.8831
17.9410
17.9765
17.9871
17.9858
17.9433
17.9318
17.9253
17.9026
17.9655
17.9671
17.9524
17.8987
17.8978
17.9108
17.8957
17.9012
17.8983
17.8821
17.8737
17.8895
17.9031
17.9055
17.9215
17.9210
17.9301
17.9591
17.9236
17.9639
17.9337
17.9079
17.9403
17.9077
17.9511
17.9246
17.9463
17.9648
17.9256
17.8947
17.9090
17.9272
17.9056
