14.7183
14.6229
14.6451
14.6491
14.6439
14.6153
14.6289
14.6556
14.6063
14.6070
14.5952
14.5861
15.0126
27.0408
29.0726
29.2630
29.9102
29.8440
29.1590
29.1384
29.1407
29.8453
29.3214
29.1895
29.0158
28.9649
29.7411
28.8069
28.9816
29.0806
29.8490
29.5957
28.8591
28.8386
28.7839
29.6509
28.8656
28.7524
28.8032
29.8168
29.5836
28.7149
28.8255
28.7975
29.5808
28.8714
28.8003
28.8772
29.5016
29.4706
28.8906
28.9154
28.8335
29.6680
28.7381
28.8232
28.8165
29.5992
29.6946
28.6704
28.8948
28.9250
29.6749
29.0070
28.9280
28.8429
28.9796
29.5715
28.9422
28.8435
28.9616
29.7350
29.1894
28.9031
28.9310
29.0570
29.6657
29.0731
29.0343
28.9998
29.3456
29.0285
28.9537
29.0219
29.1280
29.6838
28.9751
28.9013
28.8974
29.5276
28.7604
28.6256
28.7815
29.7081
29.4831
28.8416
28.7751
28.7354
29.4903
28.8598
