37.3580
37.3880
37.2094
37.3588
37.3998
37.4391
36.9450
37.4494
37.3537
37.3816
36.8258
37.4485
37.4309
37.1229
37.4975
37.5920
37.5778
36.8900
37.5373
37.4723
37.2850
37.6203
37.6189
37.5388
36.8544
37.5398
37.4722
37.1242
37.4353
37.4996
37.5281
36.7953
37.5264
37.4793
37.2204
37.2964
37.4274
37.3270
36.6586
37.2963
37.4349
37.3334
37.2688
37.4891
37.4963
37.0141
37.6409
37.7341
37.4861
37.4974
37.5721
37.5974
37.0702
37.6839
37.7011
37.4184
37.4474
37.7449
37.5841
37.0107
37.5471
37.7332
37.4720
37.7227
37.6880
37.6873
37.0234
32.0944
20.8609
20.8053
20.7611
20.8725
20.8533
20.8682
20.8653
20.8559
20.8855
20.9239
20.9530
20.9822
20.9815
21.0027
20.9840
20.8851
20.9529
20.8627
20.9860
20.9943
21.0141
20.9822
20.9578
20.9763
21.0064
20.9972
20.9560
20.9715
20.9822
21.0388
20.9309
20.9044
