10.7334
10.6393
10.6451
10.6387
10.6496
10.6384
10.6490
10.6506
10.6459
10.6167
10.6513
10.6418
10.6433
10.6498
10.6415
10.6501
10.6585
10.6432
10.6489
10.6531
10.6378
10.6185
10.6023
10.6407
10.6439
10.6413
10.6438
10.6493
10.6532
10.6501
10.6494
10.6412
10.6405
10.6573
10.6507
10.6426
10.6575
10.6355
10.6047
10.6447
10.6377
10.6396
10.6425
10.6364
10.6334
10.6481
10.6465
10.6368
10.6525
10.6378
10.6163
10.6016
10.6440
10.6336
10.6461
10.6344
10.6464
10.6537
10.6418
10.6420
10.6489
10.6553
10.6482
10.6465
10.6392
10.6367
10.6245
10.6372
10.6422
10.6512
10.6462
10.6416
10.6461
10.6546
10.6428
10.6498
10.6513
10.6429
10.6469
10.6480
10.5760
10.6537
10.6572
10.6495
10.6603
10.6561
10.6575
10.6634
10.6623
10.6539
10.6668
10.6693
10.6682
10.6699
10.6683
10.6486
10.7009
10.6616
10.6456
10.6779
