18.2610
17.8174
17.8164
17.8074
17.7986
17.7676
17.7428
17.7487
17.7477
17.7217
17.6870
17.6739
17.6949
17.7035
17.6956
17.6885
17.6498
17.6803
17.6860
17.6746
17.6753
17.6738
17.6532
17.6510
17.6447
17.6527
17.6534
17.6572
17.6275
17.6307
17.6116
17.6466
17.6249
17.6354
17.6232
17.6392
17.6414
17.6309
17.6481
17.6401
17.6833
17.7759
17.6562
17.6433
17.6400
17.6265
17.5987
17.6266
17.6484
17.6498
17.6332
17.6391
17.6304
17.6420
17.6323
17.6502
17.6253
17.6325
17.5998
17.6038
17.6103
17.6085
17.6094
17.6333
17.5595
17.6239
17.6204
17.6064
17.6182
17.6058
17.6259
17.6155
17.6390
17.6221
17.6653
17.6743
17.6855
17.7158
17.7120
17.7271
17.7216
17.6819
17.7058
17.7089
17.6818
17.7036
17.6931
17.7233
17.7047
17.6985
17.7081
17.7198
17.7085
17.7175
17.6813
17.7109
17.7197
17.7172
17.7064
17.6860
