15.6290
15.6568
15.6728
15.6184
15.5340
15.6335
15.5696
15.5035
15.6230
15.6011
15.5976
15.5778
15.5417
15.5850
15.6867
15.5895
15.3709
15.5223
15.6758
15.6221
15.5328
15.5283
15.6016
15.5021
15.6985
15.5886
15.6521
15.4183
15.6417
15.5723
15.6103
15.6344
15.6642
15.6756
15.5239
15.3734
15.3904
15.5645
15.6440
15.6015
15.6103
15.5562
15.6764
15.5891
15.5238
15.5942
15.4759
15.5277
15.6099
15.6112
15.5591
15.5095
15.5908
15.6907
15.5131
15.5778
15.5725
15.5850
15.6212
15.5635
15.6542
15.5429
15.6851
15.6069
15.6433
15.5595
15.5101
15.5366
15.6553
15.6107
15.5610
15.6288
15.6067
15.6246
15.6218
15.4547
15.5670
15.6387
15.6354
15.5479
15.5390
15.5793
15.6109
15.6339
15.5137
15.6346
15.3949
11.9692
9.3444
9.3416
9.3186
9.3485
9.3398
9.3500
9.3480
9.3588
9.3352
9.3402
9.3525
9.3389
