11.8342
11.7181
11.6739
11.7004
11.7152
11.7215
11.6851
17.8897
17.7782
17.7714
17.7473
17.7162
17.7847
17.7681
17.7333
17.7529
17.7068
17.7265
17.7337
17.7518
17.7545
17.7534
17.7497
17.7396
17.7200
17.7553
17.7115
17.7521
17.7630
17.8056
17.7897
17.7007
17.7502
17.7815
17.7816
17.7798
17.8035
17.8105
17.8074
17.8095
17.8016
17.8176
17.7982
17.7426
17.7839
17.7691
17.7548
17.7488
17.7316
17.6998
17.7725
17.7880
17.8072
17.8145
17.8449
17.7640
17.7625
17.7405
17.7652
17.7492
17.7353
17.7888
17.7675
17.7519
17.7511
17.8106
17.7121
17.7942
17.7770
17.7891
17.7905
17.8020
17.8237
17.7883
17.8191
17.7879
17.7777
17.7600
17.8053
17.7937
17.7825
17.7741
17.7988
17.7336
17.8031
17.8406
17.8119
17.8096
17.8076
17.7800
17.8226
17.8168
17.7825
17.7959
17.7206
17.7811
17.7463
17.8961
17.7365
17.6749
17.6991
17.6880
17.7233
17.7069
17.7063
17.7417
17.7448
