32.4337
32.3774
32.2105
32.3728
32.3765
32.3739
32.3547
32.3425
32.3449
32.3449
32.3393
32.3371
32.1636
32.3381
32.3291
32.3321
32.3384
32.3313
32.3261
32.2749
32.3577
32.1896
32.3005
32.3309
32.3388
32.3580
32.3289
32.2825
32.3202
32.3105
32.2778
32.2073
32.3153
32.3247
32.3242
32.3317
32.3205
32.3175
32.3177
32.3045
32.2633
32.2080
32.3291
32.3394
32.3368
32.4070
32.3811
32.4535
32.3981
32.2988
32.2279
32.3234
32.3227
32.2855
32.3323
32.3759
32.3254
32.2213
32.2591
32.2774
32.1729
32.3739
32.3376
32.3308
32.3346
32.3437
32.3301
32.3510
32.2748
32.2898
32.2456
32.3387
32.3335
32.3198
32.3252
32.2823
32.3377
32.3241
32.2596
32.2027
32.3356
32.3378
32.3444
32.3397
32.3404
32.3379
32.3318
32.2582
32.3244
32.2007
32.3409
32.3410
32.3208
32.3291
32.3380
32.3252
32.3211
32.2634
32.2026
32.3211
