34.2051
34.1900
34.1120
34.0807
34.0198
34.0565
34.0540
34.0202
34.0379
34.0460
34.0494
34.0220
34.0145
34.0387
34.0447
34.0473
34.0762
34.0397
34.0387
34.0434
34.0526
33.9685
34.0177
34.0492
34.0432
34.0487
34.0647
34.0427
34.0381
34.0538
33.9685
34.0223
34.0582
34.0662
34.0409
34.0483
34.0486
34.0670
34.0478
33.9545
34.0286
34.0481
34.0253
34.0455
34.0412
34.0366
34.0214
34.0355
33.9680
33.9992
34.0484
34.0404
34.0617
34.0552
34.0597
34.0581
34.0454
33.9691
34.0044
34.0500
34.0451
34.0613
34.0651
34.0506
34.0540
34.0406
33.9487
33.9931
34.0454
34.0318
34.0342
34.0294
34.0350
34.0309
34.0399
33.9419
33.9868
34.0027
34.0196
34.0463
34.0130
34.0134
34.0183
34.0246
33.9699
33.9506
34.0159
34.0190
34.0103
34.0275
34.0302
34.0185
34.0209
33.9977
33.9033
34.0084
34.0199
34.0187
34.0312
34.0029
