17.9679
17.8916
17.8366
17.8236
17.8299
17.8130
17.8075
17.7812
17.7803
17.7876
17.7691
17.7694
17.7684
17.7785
17.7437
17.7484
17.7291
17.7482
17.7606
17.7592
17.7613
17.7698
17.7541
17.7502
17.7543
17.7418
17.7507
17.7372
17.7379
17.7460
17.7655
17.7455
17.7206
17.7489
17.7056
17.7560
17.7410
17.7565
17.7389
17.7481
17.7430
17.7291
17.7324
17.7359
17.7374
17.7189
17.7174
17.7136
17.7335
17.7054
17.7267
17.6790
17.7199
17.7289
17.7330
17.7234
17.7367
17.7271
17.7320
17.7296
17.7323
17.7062
17.7184
17.7080
17.7167
17.7245
17.6910
17.7180
17.7378
17.6733
17.7148
17.7068
17.7362
17.7343
17.7271
17.7056
17.7213
17.7186
17.7055
17.7084
17.6991
17.7136
17.7108
17.7016
17.7171
17.7148
17.6957
17.6992
17.7285
17.7193
17.7182
17.7242
17.7170
17.7101
17.7298
17.7186
17.7108
17.7401
17.7266
17.6987
