16.0992
16.0613
16.0867
16.1163
16.1256
16.1344
16.1197
16.1127
16.1079
16.1129
16.1025
16.0827
16.0851
16.0752
16.0810
16.0734
15.9979
16.0723
16.0584
15.9566
16.0579
16.0499
16.0484
16.0601
16.0584
16.0610
16.0445
16.0546
16.0465
16.0323
16.0274
16.0525
16.0578
16.0530
16.0470
15.9853
16.0575
16.0283
15.9623
15.9831
16.0261
16.0214
16.0297
16.0161
15.9938
15.9989
16.0073
16.0021
16.0062
16.0065
16.0146
16.0219
16.0197
16.0352
15.9717
16.0232
16.0324
16.0228
15.9079
16.0254
16.0238
16.0232
16.0291
16.0201
16.0092
16.0346
16.0219
16.0066
16.0139
16.0440
16.1471
16.1469
16.1538
16.0910
16.0482
16.0572
16.0660
15.9125
16.0824
16.0653
16.0625
16.0488
16.0745
16.0954
16.1116
16.0954
16.0988
16.0962
16.1093
16.1060
16.0648
16.0736
16.0131
16.0513
16.0859
16.0817
15.9819
16.0029
16.0878
16.0845
