25.4433
25.3669
25.0966
24.8482
24.9486
25.2336
25.8274
24.8965
24.9291
24.9487
24.9575
25.0856
25.7928
24.8655
24.9992
24.8131
24.9190
25.3125
25.4063
24.9769
24.9189
24.9671
24.9737
25.7353
25.2283
25.0178
25.0210
25.0150
25.0276
25.6491
24.9109
24.9682
24.9253
25.0019
25.6471
25.5959
25.0324
25.0245
24.9205
24.9069
25.5195
25.2779
24.9672
24.9355
24.8937
25.0604
25.7028
25.0818
25.1504
24.9898
24.9101
25.4440
25.8676
24.9080
24.9040
24.8938
24.8854
25.4172
25.4389
24.9583
24.9449
24.9219
25.2055
25.7553
25.0552
25.0227
25.1408
25.0986
25.3699
25.8435
25.1470
24.9697
25.0418
25.0212
25.1277
25.7669
25.0444
24.9425
24.9980
25.0588
25.1748
25.7566
24.9570
24.9363
24.9850
24.8994
25.4315
25.4043
24.9722
24.8696
24.9652
25.0728
25.7808
25.1704
24.9367
24.9772
24.9133
25.0699
25.6679
24.9903
