9.1860
9.0839
9.0819
9.0936
9.0798
8.9624
8.9748
9.0946
9.1208
9.1183
9.1086
9.4585
13.6776
15.5581
15.6186
15.6467
15.4847
15.5728
15.5613
15.6436
15.4274
15.5588
15.5898
15.5061
15.5666
15.4984
15.6402
15.6334
15.3694
15.4528
15.5921
15.6401
15.5137
15.5093
15.5829
15.4791
15.5854
15.5855
15.6338
15.4433
15.5688
15.5807
15.5916
15.5946
15.5581
15.6417
15.6382
15.4051
15.2406
15.5427
15.5927
15.5115
15.5365
15.5990
15.5585
15.6356
15.4888
15.4944
15.5516
15.4720
15.5200
15.5712
15.5543
15.5296
15.5044
15.6534
15.5678
15.5616
15.5007
15.5864
15.4992
15.6054
15.5956
15.5495
15.5742
15.6318
15.5292
15.5945
15.4680
15.4598
15.5439
15.6233
15.5016
15.5055
15.5764
15.5511
15.6814
15.5946
15.3545
15.5160
15.5934
15.6155
15.4692
15.5322
15.5534
15.5214
15.5748
15.4862
15.4494
15.4656
