18.1411
17.8950
17.8582
17.8507
17.8597
17.8097
17.7968
17.8029
17.7748
17.7639
17.7634
17.7800
17.7472
17.7596
17.7426
17.7407
17.7329
17.7272
17.7325
17.7394
17.7528
17.7451
17.7351
17.6764
17.7418
17.7410
17.7420
17.7450
17.7423
17.7373
17.7573
17.7407
17.7328
17.7487
17.7440
17.7254
17.7321
17.7608
17.7526
17.7357
17.7093
17.7287
17.7127
17.7401
17.7303
17.7105
17.7125
17.7388
17.6992
17.7275
17.6994
17.7330
17.7005
17.7254
17.7251
17.7461
17.7509
17.7251
17.6855
17.7609
17.7294
17.7399
17.7327
17.7236
17.7207
17.7545
17.7341
17.7335
17.7358
17.7209
17.7464
17.7525
17.7454
17.7372
17.7233
17.7312
17.7056
17.7297
17.7344
17.7209
17.7295
17.7228
17.6961
17.7021
17.7062
17.7444
17.7228
17.7423
17.7318
17.7231
17.7259
17.7013
17.7367
17.6870
17.7199
17.7208
17.7163
17.7191
17.7092
17.7387
