22.6189
22.3514
22.5050
22.5057
22.5280
22.5112
22.5087
22.5056
22.4999
22.5002
22.4669
22.4642
22.4145
22.4955
22.4704
22.3212
22.4862
22.4547
22.4541
22.4319
22.3176
22.4191
22.4458
22.4312
22.4463
22.3879
22.4245
22.4503
22.4346
22.2904
22.3952
22.3839
22.4163
22.4124
22.3922
22.4044
22.4272
22.4201
22.4304
22.3425
22.4424
22.3519
22.4113
22.2617
22.4028
22.3978
22.3341
22.3484
22.3586
22.3946
22.4047
22.3601
22.4115
22.3361
22.4062
22.4358
22.4257
22.3223
22.3923
22.4241
22.4057
22.3510
22.3049
22.3661
22.3983
22.4230
22.3332
22.4211
22.4140
22.4086
22.3629
22.3254
22.4239
22.3121
22.3458
22.3043
22.3745
22.3574
22.3410
22.3570
22.3259
22.3667
22.3695
22.4002
22.2942
22.3374
22.4106
22.3957
22.4090
22.3930
22.3902
22.3965
22.3969
22.3821
22.3370
22.3712
22.3956
22.3887
22.2678
22.3654
