16.7047
16.7211
16.8883
16.9191
16.9138
16.9207
16.9021
16.8871
16.9025
16.8761
16.8862
16.8633
16.8731
16.8424
16.8047
16.8165
16.8098
16.8049
16.8012
16.8041
16.7868
16.7881
16.7921
16.7619
16.7784
16.7817
16.7872
16.7560
16.7909
16.7834
16.7569
16.7573
16.7377
16.7629
16.7526
16.7665
16.7276
16.7514
16.7454
16.7256
16.7238
16.7339
16.7327
16.7357
16.7262
16.7228
16.7215
16.7181
16.7183
16.7400
16.7389
16.6767
16.7056
16.7214
16.7133
16.7015
16.7290
16.7062
16.7109
16.7121
16.6995
16.6992
16.6841
16.7238
16.7048
16.6999
16.7133
16.6932
16.7128
16.7162
16.6961
16.7162
16.6927
16.7169
16.7143
16.6764
16.7203
16.7267
16.7153
16.6997
16.7134
16.7163
16.7407
16.6989
16.7257
16.7228
16.6963
16.6997
16.6857
16.6748
16.7207
16.7062
16.6998
16.6797
16.7089
16.6772
16.7007
16.6913
16.6878
16.6954
