27.2908
27.4250
27.4908
27.4777
27.4357
27.4198
27.3189
27.3083
27.3501
27.3223
27.2903
27.2441
27.2466
27.2909
27.2068
27.1599
27.1660
27.1564
27.1734
27.1593
27.1626
27.1562
27.1799
27.1324
27.1401
27.1091
27.1045
27.1174
27.1516
27.0664
27.1155
27.1110
27.1297
27.1381
27.1467
27.1128
27.0936
27.1242
27.1551
27.0934
27.0423
27.0594
27.0845
27.0902
27.1120
27.1186
27.0903
27.1352
27.0783
27.0864
27.1086
27.0956
27.0319
27.0924
27.1136
27.1415
27.1430
27.1318
27.1270
27.1332
27.0906
27.1277
27.1054
26.9989
27.0902
27.1346
27.1210
27.1101
27.1131
27.1324
27.1304
27.0981
27.1024
27.1701
27.1027
27.0336
27.0947
27.1207
27.1246
27.0932
27.1200
27.0872
27.0772
27.0782
27.1503
27.1274
27.0461
27.1352
27.1030
27.1494
27.1119
27.0986
27.1567
27.1218
27.1183
27.1281
27.1230
27.0698
27.1421
27.1568
