18.2151
17.7836
17.8257
17.9438
18.0461
18.0887
18.0753
18.2010
18.1721
17.9176
17.9069
18.1377
18.1908
18.1881
18.0122
17.9224
17.9783
18.0998
18.1118
18.1109
17.9435
17.9602
17.9244
17.9273
17.9566
17.9402
17.9626
17.9240
17.8544
17.8817
17.8336
17.8219
17.8391
17.8659
17.8656
17.8639
17.7904
17.8530
17.8235
17.8382
17.7969
17.8367
17.8326
17.7522
17.7828
17.7805
17.8008
17.7914
17.7433
17.7832
17.7652
17.8519
17.8603
17.8308
17.8444
17.9122
17.8806
17.8930
17.9038
17.9169
17.8790
17.8830
17.9402
17.9196
17.8574
17.9004
17.8885
17.8535
17.8615
17.8750
17.8727
17.8976
17.8900
17.9429
17.9243
17.9040
17.9438
17.9143
18.0186
18.0359
17.9772
17.8852
17.9052
17.9105
17.9135
17.9119
17.8516
17.9389
17.9379
17.9408
17.9335
17.9117
17.9322
18.0212
18.0001
18.0770
17.9283
17.9720
17.9318
17.9804
17.9617
17.9482
17.9538
17.9552
17.9456
17.9633
18.0233
17.9832
18.0171
18.0431
18.0855
18.0917
18.0642
17.9252
17.9353
17.8946
17.9572
17.9632
17.9446
17.9254
17.9432
17.9730
17.9423
17.9716
17.9748
17.9658
17.9158
17.9620
17.9675
17.9750
17.9391
17.9098
17.9247
17.9122
17.9573
17.9479
17.9431
17.8744
17.9445
17.9339
17.9223
17.9319
17.9375
17.9482
17.9365
17.8955
17.9146
17.9828
17.9241
17.9130
17.8791
17.9134
17.8617
17.9126
17.8486
17.8882
17.8945
17.9589
17.9371
17.9680
17.9523
17.9390
17.9144
17.9572
17.8648
17.9211
17.8949
17.8594
17.8431
17.8628
17.9028
17.8514
17.9109
17.8961
17.9325
17.9218
17.9173
17.9580
