11.9667
11.3035
11.3296
11.4200
11.4061
11.4242
11.4036
11.4080
11.3590
11.3776
11.3532
11.3578
11.3546
11.3388
11.3371
11.3395
11.3379
11.3386
11.3283
11.3094
11.3035
11.3223
11.3001
11.3239
11.3143
11.3292
11.3010
11.3311
11.2977
11.3613
11.3171
11.3314
11.3378
11.3413
11.3259
11.3413
11.3208
11.3559
11.3328
11.3401
11.3391
11.3507
11.3389
11.3523
11.3227
11.3306
11.3141
11.3384
11.3116
11.3169
11.3371
11.3262
11.3118
11.3309
11.3356
11.2737
11.3248
11.3120
11.3286
11.3391
11.3379
11.3317
11.2935
11.3103
11.3359
11.3299
11.3065
11.3359
11.3272
11.3418
11.3254
11.3151
11.3282
11.3319
11.3112
11.3298
11.3100
11.3136
11.3297
11.3365
11.3141
11.3162
11.2816
11.3024
11.3066
11.3165
11.3214
11.3220
11.3110
11.3117
11.3148
11.3427
11.3170
11.3263
11.3207
11.3057
11.3263
11.3045
11.3008
11.3172
