11.8302
11.6962
11.6951
11.6780
11.7144
11.7124
11.7187
11.6868
11.6856
11.7125
11.7116
11.7183
11.7101
11.7089
11.7061
11.7199
11.7147
11.7089
11.7004
11.7018
11.6617
11.6497
11.7086
11.7178
11.7232
11.7133
11.7183
11.7214
11.7243
11.7213
11.7139
11.7118
11.7249
11.7015
11.6729
11.7146
11.7127
11.7227
11.7177
11.6981
11.7041
11.6767
11.6946
11.7027
11.7225
11.7117
11.7107
11.6323
11.7069
11.7236
11.7007
11.7159
11.7133
11.6935
11.7079
11.7147
11.7204
11.7146
11.7222
11.7112
11.6814
11.7096
11.7156
11.7141
11.7106
11.7129
11.7001
11.7141
11.7108
11.7105
11.7101
11.7121
11.6997
11.6703
11.6480
11.7086
11.7092
11.7172
11.7222
11.7191
11.7239
11.7239
11.7195
11.7169
11.7193
11.7159
11.6719
11.7090
11.7200
11.7263
11.7172
11.7208
11.7162
11.6915
11.6823
11.6664
11.6496
11.6573
11.6626
11.6504
