21.6257
20.9489
20.8354
26.4242
26.4247
26.4260
12.1685
12.0724
12.1531
12.1756
12.1898
12.1425
12.0874
12.1479
12.1093
12.1396
12.1003
12.1500
12.1765
12.1400
12.1026
12.2140
12.0703
12.0414
12.0881
12.1307
12.1040
12.0873
12.0818
12.1067
12.1362
12.1072
12.0364
12.0391
12.0871
12.1498
12.1029
12.0755
12.0557
12.0651
12.0820
12.1096
12.1136
12.1127
12.1360
12.1026
12.0890
12.0811
12.0540
12.0151
12.0274
12.0365
12.0749
12.0379
12.0520
12.0438
12.0497
12.0155
12.0451
12.0796
12.0792
12.0771
12.0783
12.0792
12.0850
12.1003
12.0732
12.0544
12.0782
12.0413
12.0452
