12.9908
12.9181
12.8861
12.8288
12.7872
12.7841
12.7754
12.7341
12.6966
12.6674
12.6616
12.6624
12.6586
12.6519
12.6249
12.6460
12.6449
12.6570
12.6449
12.6541
12.6575
12.6466
12.6583
12.6386
12.6476
12.6513
12.6455
12.6313
12.6390
12.6382
12.6429
12.6557
12.6481
12.6470
12.6325
12.6442
12.6435
12.6461
12.6380
12.6166
12.6407
12.6406
12.6480
12.6408
12.6502
12.6436
12.6493
12.6392
12.6370
12.6405
12.6313
12.6414
12.6419
12.6351
12.6317
12.6567
12.6428
12.6319
12.6326
12.6358
12.6489
12.6354
12.6367
12.6265
12.6283
12.6420
12.6351
12.6427
12.6333
12.6460
12.6414
12.6260
12.6325
12.6611
12.6498
12.6609
12.6408
12.6374
12.6489
12.6439
12.6350
12.6357
12.6383
12.6451
12.6422
12.6412
12.6436
12.6384
12.6308
12.6400
12.6324
12.6392
12.6344
12.6432
12.6426
12.6386
12.6376
12.6321
12.6368
12.6309
